./target/ep40.mp4_308	218	63	319	190
./target/ep40.mp4_315	216	54	319	190
./target/ep40.mp4_343	222	78	316	209
./target/ep40.mp4_586	99	139	139	191
./target/ep40.mp4_586	299	89	330	131
./target/ep40.mp4_586	152	128	184	168
./target/ep40.mp4_632	131	77	244	215
./target/ep40.mp4_632	422	129	517	243
./target/ep40.mp4_709	290	83	432	293
./target/ep40.mp4_722	333	109	438	259
./target/ep40.mp4_988	352	70	478	223
./target/ep40.mp4_988	97	118	218	288
./target/ep40.mp4_996	364	67	491	224
./target/ep40.mp4_996	87	108	218	291
./target/ep40.mp4_1129	224	54	417	305
./target/ep40.mp4_1161	157	59	355	303
./target/ep40.mp4_1230	217	58	335	217
./target/ep40.mp4_1301	236	43	344	192
./target/ep40.mp4_1369	214	85	367	275
./target/ep40.mp4_1668	186	77	372	315
./target/ep40.mp4_1778	210	70	399	309
./target/ep40.mp4_1835	210	58	409	310
./target/ep40.mp4_1880	210	59	329	213
./target/ep40.mp4_2107	326	92	487	318
./target/ep40.mp4_2123	318	64	353	113
./target/ep40.mp4_2123	107	104	149	166
./target/ep40.mp4_2123	495	160	534	219
./target/ep40.mp4_2153	288	60	473	312
./target/ep40.mp4_2354	221	56	343	219
./target/ep40.mp4_2379	200	34	409	303
./target/ep40.mp4_2509	224	59	343	217
./target/ep40.mp4_2594	223	59	343	215
./target/ep40.mp4_2639	354	92	469	235
./target/ep40.mp4_2654	347	84	466	236
./target/ep40.mp4_2662	339	88	462	235
./target/ep40.mp4_2807	208	63	328	217
./target/ep40.mp4_2813	205	66	324	218
./target/ep40.mp4_2813	516	74	581	149
./target/ep40.mp4_2916	296	85	395	210
./target/ep40.mp4_2991	217	91	352	261
./target/ep40.mp4_3054	273	97	439	296
./target/ep40.mp4_3100	269	93	447	305
./target/ep40.mp4_3276	254	57	373	218
./target/ep40.mp4_3359	237	51	370	232
./target/ep40.mp4_3515	205	46	421	314
./target/ep40.mp4_3526	180	69	390	327
./target/ep40.mp4_3531	193	70	409	329
./target/ep40.mp4_3587	220	68	343	225
./target/ep40.mp4_3603	205	90	365	284
./target/ep40.mp4_3933	186	49	335	245
./target/ep40.mp4_3978	197	57	359	264
./target/ep40.mp4_4056	192	114	260	214
./target/ep40.mp4_4056	360	109	434	205
./target/ep40.mp4_4125	305	148	362	214
./target/ep40.mp4_4144	232	118	316	213
./target/ep40.mp4_4161	480	107	574	213
./target/ep40.mp4_4173	420	103	514	212
./target/ep40.mp4_4558	267	76	415	254
./target/ep40.mp4_4876	165	98	274	225
./target/ep40.mp4_4876	471	17	561	159
./target/ep40.mp4_4883	158	105	267	240
./target/ep40.mp4_4883	513	19	584	142
./target/ep40.mp4_4883	504	6	601	165
./target/ep40.mp4_4960	193	104	274	218
./target/ep40.mp4_4960	358	42	435	156
./target/ep40.mp4_5061	248	82	367	246
./target/ep40.mp4_5072	219	55	357	227
./target/ep40.mp4_5142	338	66	432	187
./target/ep40.mp4_5142	223	155	299	262
./target/ep40.mp4_5210	348	55	436	175
./target/ep40.mp4_5485	199	56	347	247
./target/ep40.mp4_5515	328	90	459	259
./target/ep40.mp4_5664	222	74	336	226
./target/ep40.mp4_5833	252	64	375	231
./target/ep40.mp4_5891	261	80	377	241
./target/ep40.mp4_6100	187	127	316	289
./target/ep40.mp4_6100	383	26	529	218
./target/ep40.mp4_6186	220	80	347	253
./target/ep40.mp4_6229	309	43	429	207
./target/ep40.mp4_6249	292	36	417	214
./target/ep40.mp4_6273	292	54	413	225
./target/ep40.mp4_6471	88	45	217	210
./target/ep40.mp4_6576	296	32	354	109
./target/ep40.mp4_6581	291	34	349	111
./target/ep40.mp4_6587	282	36	340	110
./target/ep40.mp4_6620	329	39	396	131
./target/ep40.mp4_6880	342	137	380	185
./target/ep40.mp4_6941	238	55	324	157
./target/ep40.mp4_6968	359	144	394	196
./target/ep40.mp4_7043	336	23	438	168
./target/ep40.mp4_7081	326	40	423	178
./target/ep40.mp4_7097	319	34	424	183
./target/ep40.mp4_7117	309	33	411	179
./target/ep40.mp4_7311	387	219	486	358
./target/ep40.mp4_7401	388	61	475	186
./target/ep40.mp4_7420	378	53	469	182
./target/ep40.mp4_7427	177	139	282	266
./target/ep40.mp4_7427	389	33	478	192
./target/ep40.mp4_7630	410	13	476	103
./target/ep40.mp4_7695	351	83	414	164
./target/ep40.mp4_7865	170	67	281	209
./target/ep40.mp4_8098	189	71	343	264
./target/ep40.mp4_8138	206	133	271	213
./target/ep40.mp4_8138	397	79	448	159
./target/ep40.mp4_8191	443	52	507	144
./target/ep40.mp4_8191	162	161	220	244
./target/ep40.mp4_8211	425	50	492	145
./target/ep40.mp4_8211	167	137	227	222
./target/ep40.mp4_8315	271	84	359	203
./target/ep40.mp4_8315	217	111	278	195
./target/ep40.mp4_8397	127	102	193	182
./target/ep40.mp4_8397	296	124	341	201
./target/ep40.mp4_8491	95	94	157	175
./target/ep40.mp4_8491	269	112	330	201
./target/ep40.mp4_8503	94	95	162	180
./target/ep40.mp4_8503	273	110	330	196
./target/ep40.mp4_8634	167	65	219	127
./target/ep40.mp4_8699	99	69	148	129
./target/ep40.mp4_8865	165	99	250	201
./target/ep40.mp4_8865	360	41	423	126
./target/ep40.mp4_9041	206	181	269	257
./target/ep40.mp4_9420	463	103	531	212
./target/ep40.mp4_9420	147	67	240	187
./target/ep40.mp4_9445	455	109	524	214
./target/ep40.mp4_9445	155	63	246	182
./target/ep40.mp4_9561	421	80	484	189
./target/ep40.mp4_9561	201	65	271	172
./target/ep40.mp4_9597	435	67	500	182
./target/ep40.mp4_9597	205	41	269	147
./target/ep40.mp4_9649	263	94	350	206
./target/ep40.mp4_9649	426	81	494	184
./target/ep40.mp4_10240	197	76	278	177
./target/ep40.mp4_10251	198	75	290	187
./target/ep40.mp4_10290	136	153	184	212
./target/ep40.mp4_10437	269	103	312	151
./target/ep40.mp4_11045	448	37	544	147
./target/ep40.mp4_11045	232	141	344	277
./target/ep40.mp4_11053	457	39	552	148
./target/ep40.mp4_11053	244	140	350	273
./target/ep40.mp4_11070	250	137	353	266
./target/ep40.mp4_11070	466	16	559	132
./target/ep40.mp4_11149	452	41	542	155
./target/ep40.mp4_11149	246	161	350	287
./target/ep40.mp4_11222	225	77	363	265
./target/ep40.mp4_11502	242	74	334	209
./target/ep40.mp4_11504	244	71	332	199
./target/ep40.mp4_11632	325	123	423	245
./target/ep40.mp4_11646	480	141	532	197
./target/ep40.mp4_11646	84	133	134	189
./target/ep40.mp4_11688	362	93	459	224
./target/ep40.mp4_11711	319	128	424	254
./target/ep40.mp4_12044	346	75	381	129
./target/ep40.mp4_12066	305	79	358	140
./target/ep40.mp4_12071	276	71	330	135
./target/ep40.mp4_12355	224	93	335	225
./target/ep40.mp4_12389	237	105	339	223
./target/ep40.mp4_12447	330	66	380	129
./target/ep40.mp4_12528	201	-30	323	135
./target/ep40.mp4_12551	310	100	438	268
./target/ep40.mp4_12569	135	60	250	202
./target/ep40.mp4_12971	297	84	407	232
./target/ep40.mp4_13200	166	53	374	304
./target/ep40.mp4_13216	280	52	502	338
./target/ep40.mp4_13399	282	92	396	244
./target/ep40.mp4_13413	247	60	374	232
./target/ep40.mp4_13435	290	87	411	248
./target/ep40.mp4_13442	276	89	398	247
./target/ep40.mp4_13536	235	67	356	228
./target/ep40.mp4_13571	331	68	441	226
./target/ep40.mp4_13649	414	51	527	198
./target/ep40.mp4_13673	162	55	275	202
./target/ep40.mp4_13735	313	63	416	205
./target/ep40.mp4_13843	251	78	366	224
./target/ep40.mp4_14131	185	15	377	262
./target/ep40.mp4_14310	359	112	437	222
./target/ep40.mp4_14310	133	10	218	132
./target/ep40.mp4_14398	344	81	454	224
./target/ep40.mp4_14454	109	60	167	125
./target/ep40.mp4_14454	391	161	428	221
./target/ep40.mp4_14519	91	150	192	286
./target/ep40.mp4_14519	321	56	411	177
./target/ep40.mp4_14656	146	109	198	175
./target/ep40.mp4_14656	338	92	387	165
./target/ep40.mp4_14830	264	55	348	178
./target/ep40.mp4_14835	260	63	347	186
./target/ep40.mp4_14937	312	52	404	176
./target/ep40.mp4_15045	360	132	449	256
./target/ep40.mp4_15131	266	101	370	230
./target/ep40.mp4_15220	273	88	357	213
./target/ep40.mp4_15278	141	69	222	189
./target/ep40.mp4_15433	125	55	196	164
./target/ep40.mp4_15486	221	63	285	155
./target/ep40.mp4_15488	222	52	284	148
./target/ep40.mp4_15864	367	149	431	237
./target/ep40.mp4_15915	188	60	300	204
./target/ep40.mp4_15941	188	70	301	215
./target/ep40.mp4_15949	190	72	301	214
./target/ep40.mp4_15992	202	55	312	202
./target/ep40.mp4_16013	357	93	434	202
./target/ep40.mp4_16252	277	33	463	303
./target/ep40.mp4_16353	382	84	466	181
./target/ep40.mp4_16623	151	93	250	246
./target/ep40.mp4_16632	157	91	259	244
./target/ep40.mp4_16680	364	98	470	224
./target/ep40.mp4_16900	357	99	472	238
./target/ep40.mp4_16943	351	92	462	228
./target/ep40.mp4_17005	353	102	465	240
./target/ep40.mp4_17146	162	56	262	209
./target/ep40.mp4_17231	164	71	259	226
./target/ep40.mp4_17260	161	79	264	239
./target/ep40.mp4_17377	311	68	453	232
./target/ep40.mp4_17463	106	94	330	344
./target/ep40.mp4_17540	331	82	445	217
./target/ep40.mp4_17561	335	91	439	223
./target/ep40.mp4_17640	224	78	354	258
./target/ep40.mp4_17769	360	42	417	125
./target/ep40.mp4_18046	25	35	140	197
./target/ep40.mp4_18291	318	56	447	230
./target/ep40.mp4_18375	146	98	290	275
./target/ep40.mp4_18442	361	81	486	247
./target/ep40.mp4_18458	357	74	493	250
./target/ep40.mp4_18565	297	92	421	258
./target/ep40.mp4_18603	207	66	349	255
./target/ep40.mp4_18812	270	81	328	171
./target/ep40.mp4_18853	182	48	344	245
./target/ep40.mp4_18945	253	41	303	108
./target/ep40.mp4_19008	120	40	270	242
./target/ep40.mp4_19041	305	56	401	182
./target/ep40.mp4_19146	188	6	327	190
./target/ep40.mp4_19301	300	55	425	229
./target/ep40.mp4_19305	290	57	412	231
./target/ep40.mp4_19489	307	74	443	269
./target/ep40.mp4_19514	290	56	433	254
./target/ep40.mp4_19603	174	82	347	295
./target/ep40.mp4_19653	217	64	355	238
./target/ep40.mp4_19964	374	82	418	151
./target/ep40.mp4_19964	170	91	222	156
./target/ep40.mp4_19974	179	87	228	153
./target/ep40.mp4_19974	399	76	449	153
./target/ep40.mp4_20345	341	81	417	181
./target/ep40.mp4_20711	302	50	436	228
./target/ep40.mp4_20794	284	55	356	143
./target/ep40.mp4_20804	290	57	359	152
./target/ep40.mp4_20808	287	60	358	154
./target/ep40.mp4_20920	165	171	257	290
./target/ep40.mp4_20925	155	184	247	299
./target/ep40.mp4_20976	419	101	459	150
./target/ep40.mp4_21053	365	89	423	166
./target/ep40.mp4_21282	250	101	318	197
./target/ep40.mp4_21780	325	96	411	208
./target/ep40.mp4_21827	238	72	356	245
./target/ep40.mp4_21921	226	58	336	219
./target/ep40.mp4_21962	318	100	437	258
./target/ep40.mp4_22011	202	86	329	251
./target/ep40.mp4_22055	294	99	411	271
./target/ep40.mp4_22067	283	84	443	288
./target/ep40.mp4_22134	295	59	478	289
./target/ep40.mp4_22190	284	52	463	295
./target/ep40.mp4_22241	272	39	453	270
./target/ep40.mp4_22279	443	70	480	122
./target/ep40.mp4_22322	228	82	340	247
./target/ep40.mp4_22367	241	106	351	273
./target/ep40.mp4_22790	261	37	439	258
./target/ep40.mp4_22860	214	101	351	308
./target/ep40.mp4_23225	242	100	378	298
./target/ep40.mp4_23358	278	68	426	260
./target/ep40.mp4_23484	285	80	432	267
./target/ep40.mp4_23508	258	96	383	283
./target/ep40.mp4_23660	232	88	382	294
./target/ep40.mp4_23743	369	100	435	177
./target/ep40.mp4_23768	348	76	421	168
./target/ep40.mp4_23828	347	71	434	183
./target/ep40.mp4_23930	362	67	479	215
./target/ep40.mp4_23987	329	62	472	241
./target/ep40.mp4_24079	278	43	446	261
./target/ep40.mp4_24180	242	83	343	234
./target/ep40.mp4_24268	251	80	359	244
./target/ep40.mp4_24297	237	109	364	261
./target/ep40.mp4_24304	241	119	374	277
./target/ep40.mp4_24528	310	65	394	194
./target/ep40.mp4_24694	333	61	432	205
./target/ep40.mp4_24740	390	70	489	220
./target/ep40.mp4_24749	368	57	482	208
./target/ep40.mp4_24861	309	120	460	303
./target/ep40.mp4_24866	300	138	451	322
./target/ep40.mp4_24995	276	96	436	302
./target/ep40.mp4_25063	266	57	344	168
./target/ep40.mp4_25180	478	142	529	202
./target/ep40.mp4_25289	377	128	436	200
./target/ep40.mp4_25289	50	81	133	170
./target/ep40.mp4_25289	171	109	229	182
./target/ep40.mp4_25309	250	116	311	190
./target/ep40.mp4_25309	441	126	496	193
./target/ep40.mp4_25309	139	74	208	166
./target/ep40.mp4_25330	229	48	327	165
./target/ep40.mp4_25338	227	44	325	160
./target/ep40.mp4_25388	233	61	319	163
./target/ep40.mp4_25396	227	47	327	169
./target/ep40.mp4_25401	210	72	311	183
./target/ep40.mp4_25434	364	93	406	142
./target/ep40.mp4_25434	479	103	514	144
./target/ep40.mp4_25434	190	96	237	145
./target/ep40.mp4_25533	190	63	307	195
./target/ep40.mp4_25628	173	73	256	170
./target/ep40.mp4_25834	221	76	303	169
./target/ep40.mp4_25953	193	72	280	173
./target/ep40.mp4_26076	209	80	285	174
./target/ep40.mp4_26114	468	204	545	294
./target/ep40.mp4_26114	283	95	349	168
./target/ep40.mp4_26163	450	202	518	283
./target/ep40.mp4_26163	257	67	327	154
./target/ep40.mp4_26180	453	201	520	284
./target/ep40.mp4_26180	273	73	343	157
./target/ep40.mp4_26189	454	199	520	283
./target/ep40.mp4_26189	264	71	332	156
./target/ep40.mp4_26192	455	198	520	282
./target/ep40.mp4_26192	259	66	329	151
./target/ep40.mp4_26235	457	198	521	283
./target/ep40.mp4_26235	300	71	361	157
./target/ep40.mp4_26248	462	191	525	276
./target/ep40.mp4_26248	294	70	353	151
./target/ep40.mp4_26284	208	77	290	171
./target/ep40.mp4_26334	241	74	336	183
./target/ep40.mp4_26528	454	192	512	266
./target/ep40.mp4_26528	239	87	302	150
./target/ep40.mp4_26731	205	95	300	205
./target/ep40.mp4_26747	196	87	289	195
./target/ep40.mp4_26898	194	186	248	265
./target/ep40.mp4_26898	401	187	458	253
./target/ep40.mp4_26898	283	85	335	144
./target/ep40.mp4_27146	433	100	491	166
./target/ep40.mp4_27146	256	69	317	137
./target/ep40.mp4_27149	249	56	313	125
./target/ep40.mp4_27149	436	102	489	166
./target/ep40.mp4_27191	407	98	463	163
./target/ep40.mp4_27191	213	88	278	161
./target/ep40.mp4_27202	404	101	462	166
./target/ep40.mp4_27202	220	94	285	164
./target/ep40.mp4_27224	221	93	284	166
./target/ep40.mp4_27224	422	110	484	181
./target/ep40.mp4_27270	326	151	431	271
./target/ep40.mp4_27270	162	117	275	257
./target/ep40.mp4_27712	466	130	512	186
./target/ep40.mp4_27712	218	83	282	158
./target/ep40.mp4_28173	397	91	496	213
./target/ep40.mp4_28343	373	65	485	218
./target/ep40.mp4_28511	216	96	318	236
./target/ep40.mp4_28511	416	101	494	243
./target/ep40.mp4_28590	211	115	316	256
./target/ep40.mp4_28608	215	140	328	272
./target/ep40.mp4_28634	403	91	538	262
./target/ep40.mp4_28634	174	93	244	239
./target/ep40.mp4_28634	189	109	251	225
./target/ep40.mp4_28657	456	92	574	243
./target/ep40.mp4_28657	149	136	213	239
./target/ep40.mp4_28795	359	56	460	181
./target/ep40.mp4_28960	123	136	189	215
./target/ep40.mp4_28960	434	136	509	214
./target/ep40.mp4_29005	203	242	281	328
./target/ep40.mp4_29005	150	69	189	125
./target/ep40.mp4_29281	118	66	152	109
./target/ep40.mp4_29292	215	57	252	107
./target/ep40.mp4_29359	508	80	532	110
./target/ep40.mp4_29544	93	90	118	125
./target/ep40.mp4_29828	136	83	186	152
./target/ep40.mp4_29885	154	91	180	131
./target/ep40.mp4_29907	133	93	159	130
./target/ep40.mp4_29988	526	58	549	88
./target/ep40.mp4_29988	423	64	446	94
./target/ep40.mp4_29988	116	112	138	142
./target/ep40.mp4_30053	121	110	142	143
./target/ep40.mp4_30053	492	107	518	139
./target/ep40.mp4_30150	530	99	555	128
./target/ep40.mp4_30150	144	109	164	141
./target/ep40.mp4_30558	357	144	425	225
./target/ep40.mp4_30558	179	59	253	142
./target/ep40.mp4_30703	135	119	202	200
./target/ep40.mp4_30703	285	78	360	169
./target/ep40.mp4_30992	258	37	364	183
./target/ep40.mp4_31059	314	116	424	270
./target/ep40.mp4_31184	13	104	93	213
./target/ep40.mp4_31184	306	112	393	217
./target/ep40.mp4_31184	223	66	300	164
./target/ep40.mp4_31185	13	106	92	213
./target/ep40.mp4_31185	307	112	393	217
./target/ep40.mp4_31185	223	66	300	164
./target/ep40.mp4_31634	73	110	171	220
./target/ep40.mp4_31634	243	128	336	249
./target/ep40.mp4_31634	376	76	469	182
./target/ep40.mp4_31853	379	125	451	220
./target/ep40.mp4_31853	-2	39	89	146
./target/ep40.mp4_31884	244	150	343	292
./target/ep40.mp4_31934	184	123	237	186
./target/ep40.mp4_31934	72	45	128	111
./target/ep40.mp4_31991	220	141	274	209
./target/ep40.mp4_31991	384	98	433	165
./target/ep40.mp4_31991	97	48	160	116
./target/ep40.mp4_32020	226	129	280	195
./target/ep40.mp4_32020	449	85	515	161
./target/ep40.mp4_32059	427	92	507	178
./target/ep40.mp4_32059	353	208	416	294
./target/ep40.mp4_32059	170	151	233	222
./target/ep40.mp4_32092	316	78	482	296
./target/ep40.mp4_32502	338	76	478	240
./target/ep40.mp4_32502	138	93	268	288
./target/ep40.mp4_32549	163	83	287	292
./target/ep40.mp4_32549	314	87	452	249
./target/ep40.mp4_32568	321	78	462	245
./target/ep40.mp4_32568	181	97	313	290
./target/ep40.mp4_32668	342	71	476	230
./target/ep40.mp4_32668	185	111	281	297
./target/ep40.mp4_32695	353	76	483	228
./target/ep40.mp4_32695	161	96	294	300
./target/ep40.mp4_32783	307	79	430	240
./target/ep40.mp4_32783	129	103	246	292
./target/ep40.mp4_32870	182	108	297	281
./target/ep40.mp4_32870	343	97	449	229
./target/ep40.mp4_32903	134	120	234	253
./target/ep40.mp4_33213	378	178	453	274
./target/ep40.mp4_33213	224	36	291	127
./target/ep40.mp4_33263	371	167	430	255
./target/ep40.mp4_33263	156	76	224	166
./target/ep40.mp4_33295	481	190	542	276
./target/ep40.mp4_33295	229	72	279	147
./target/ep40.mp4_33326	370	222	442	320
./target/ep40.mp4_33639	198	80	309	204
./target/ep40.mp4_33823	221	100	260	155
./target/ep40.mp4_33941	345	78	435	191
./target/ep40.mp4_34041	172	91	307	267
./target/ep40.mp4_34227	216	61	344	227
./target/ep40.mp4_34582	295	90	370	187
./target/ep40.mp4_34784	334	79	439	214
./target/ep40.mp4_34784	190	91	296	210
./target/ep40.mp4_34829	274	46	394	217
./target/ep40.mp4_34829	131	98	274	247
./target/ep40.mp4_34955	186	57	336	237
./target/ep40.mp4_35014	268	81	325	152
./target/ep40.mp4_35089	219	125	276	195
./target/ep40.mp4_35217	374	51	438	142
./target/ep40.mp4_35217	173	76	251	156
./target/ep40.mp4_35364	103	82	311	304
./target/ep40.mp4_35388	330	68	439	218
./target/ep40.mp4_35388	249	167	340	286
./target/ep40.mp4_35559	96	82	322	311
./target/ep40.mp4_35677	314	50	433	220
./target/ep40.mp4_35677	202	99	307	244
./target/ep40.mp4_35886	213	171	264	230
./target/ep40.mp4_35886	300	111	354	173
./target/ep40.mp4_36025	308	75	343	123
./target/ep40.mp4_36252	472	57	503	99
./target/ep40.mp4_36369	95	114	177	213
./target/ep40.mp4_36369	362	78	443	187
./target/ep40.mp4_36387	200	103	287	202
./target/ep40.mp4_36387	383	72	460	187
./target/ep40.mp4_36503	330	83	411	195
./target/ep40.mp4_36503	188	132	279	242
./target/ep40.mp4_36608	402	72	464	150
./target/ep40.mp4_36652	209	69	376	270
./target/ep40.mp4_36654	214	77	378	274
./target/ep40.mp4_36654	488	-45	644	149
./target/ep40.mp4_36684	239	104	410	322
./target/ep40.mp4_36684	505	-28	651	177
./target/ep40.mp4_36807	380	83	460	183
./target/ep40.mp4_36825	382	75	461	173
./target/ep40.mp4_37092	204	71	370	298
./target/ep40.mp4_37188	368	57	447	158
./target/ep40.mp4_37338	338	8	416	110
./target/ep40.mp4_37812	221	52	308	155
./target/ep40.mp4_37928	196	45	288	166
./target/ep40.mp4_37979	219	72	305	181
./target/ep40.mp4_38115	113	74	253	244
./target/ep40.mp4_38115	419	140	546	327
./target/ep40.mp4_38133	413	143	545	335
./target/ep40.mp4_38133	125	69	261	236
./target/ep40.mp4_38228	353	128	506	328
./target/ep40.mp4_38228	184	45	335	237
./target/ep40.mp4_38659	210	97	304	215
./target/ep40.mp4_38659	102	62	181	155
./target/ep40.mp4_39051	249	77	335	195
./target/ep40.mp4_39328	218	107	312	226
./target/ep40.mp4_39328	448	75	527	188
./target/ep40.mp4_39328	107	66	200	167
./target/ep40.mp4_39347	210	107	301	226
./target/ep40.mp4_39347	442	75	523	189
./target/ep40.mp4_39347	122	60	212	158
./target/ep40.mp4_39398	417	68	493	181
./target/ep40.mp4_39398	193	120	273	231
./target/ep40.mp4_39437	428	58	510	178
./target/ep40.mp4_39437	177	106	255	219
./target/ep40.mp4_39653	408	63	472	159
./target/ep40.mp4_39653	192	28	271	121
./target/ep40.mp4_39653	116	226	195	314
./target/ep40.mp4_39941	360	9	485	171
./target/ep40.mp4_40060	349	53	457	192
./target/ep40.mp4_40150	226	81	349	243
./target/ep40.mp4_40273	345	102	447	240
./target/ep40.mp4_40443	333	96	439	240
./target/ep40.mp4_40717	371	57	480	200
./target/ep40.mp4_40742	235	63	353	224
./target/ep40.mp4_40854	211	68	254	134
./target/ep40.mp4_40854	406	175	447	237
./target/ep40.mp4_40959	252	77	380	242
./target/ep40.mp4_40987	261	68	391	235
./target/ep40.mp4_41030	265	56	389	214
./target/ep40.mp4_41180	163	92	271	226
./target/ep40.mp4_41218	199	87	313	221
./target/ep40.mp4_41223	200	89	313	222
./target/ep40.mp4_41252	126	121	220	255
./target/ep40.mp4_41524	254	74	364	224
./target/ep40.mp4_41693	157	69	219	147
./target/ep40.mp4_41727	320	103	461	275
./target/ep40.mp4_41899	276	70	418	242
./target/ep40.mp4_42070	199	69	330	236
./target/ep40.mp4_42149	417	86	481	167
./target/ep40.mp4_42240	190	61	255	151
./target/ep40.mp4_42249	188	60	251	148
./target/ep40.mp4_42277	400	87	468	172
./target/ep40.mp4_42318	402	90	472	178
./target/ep40.mp4_42338	419	99	494	188
./target/ep40.mp4_42469	284	86	424	264
./target/ep40.mp4_42620	398	53	438	105
./target/ep40.mp4_43027	224	53	376	247
./target/ep40.mp4_43034	232	46	388	245
./target/ep40.mp4_43054	234	51	386	243
./target/ep40.mp4_43100	181	69	308	231
./target/ep40.mp4_43199	265	127	412	296
./target/ep40.mp4_43400	302	64	455	254
./target/ep40.mp4_43560	404	52	437	98
./target/ep40.mp4_43560	203	67	235	109
./target/ep40.mp4_43598	282	74	398	238
./target/ep40.mp4_43630	253	70	382	241
./target/ep40.mp4_43740	249	61	399	255
./target/ep40.mp4_43947	289	57	439	244
./target/ep40.mp4_44023	270	94	431	283
./target/ep40.mp4_44102	254	55	399	245
./target/ep40.mp4_44199	209	63	336	229
./target/ep40.mp4_44280	255	62	399	248
./target/ep40.mp4_44607	202	55	335	232
./target/ep40.mp4_45017	416	57	472	137
./target/ep40.mp4_45017	137	67	197	146
./target/ep40.mp4_45024	417	55	470	134
./target/ep40.mp4_45024	131	66	192	146
./target/ep40.mp4_45120	192	51	361	274
./target/ep40.mp4_45339	248	49	382	238
./target/ep40.mp4_45545	243	64	389	269
./target/ep40.mp4_45611	210	49	412	311
./target/ep40.mp4_45618	226	47	428	305
./target/ep40.mp4_45807	258	51	458	309
./target/ep40.mp4_45830	248	60	449	319
./target/ep40.mp4_45939	209	75	356	271
./target/ep40.mp4_46016	395	98	478	203
./target/ep40.mp4_46136	224	82	258	130
./target/ep40.mp4_46136	349	71	385	118
./target/ep40.mp4_46323	171	59	208	126
./target/ep40.mp4_46578	339	85	476	250
./target/ep40.mp4_46671	132	66	176	135
./target/ep40.mp4_46671	444	99	471	140
./target/ep40.mp4_46857	141	64	210	147
./target/ep40.mp4_46904	374	72	412	128
./target/ep40.mp4_46967	336	93	461	242
./target/ep40.mp4_47101	318	110	459	271
./target/ep40.mp4_47190	291	88	446	277
./target/ep40.mp4_47671	284	131	449	320
./target/ep40.mp4_47936	209	150	286	232
./target/ep40.mp4_48095	268	79	390	240
./target/ep40.mp4_48111	281	77	402	236
./target/ep40.mp4_48127	302	67	433	240
./target/ep40.mp4_48185	355	47	494	206
./target/ep40.mp4_48357	212	122	264	186
./target/ep40.mp4_48429	336	111	451	257
./target/ep40.mp4_48487	189	52	342	244
./target/ep40.mp4_48823	207	104	262	171
./target/ep40.mp4_48885	187	82	247	153
./target/ep40.mp4_48954	185	79	244	147
./target/ep40.mp4_49057	227	61	292	134
./target/ep40.mp4_49196	271	81	393	248
./target/ep40.mp4_49372	344	106	454	247
./target/ep40.mp4_49504	237	86	300	164
./target/ep40.mp4_49527	238	86	301	165
./target/ep40.mp4_49663	290	53	389	204
./target/ep40.mp4_49822	231	53	276	111
./target/ep40.mp4_50024	226	49	332	178
./target/ep40.mp4_50085	325	83	412	185
./target/ep40.mp4_50116	321	111	413	217
./target/ep40.mp4_50123	294	148	376	257
./target/ep40.mp4_50130	289	135	385	243
./target/ep40.mp4_50144	292	142	387	255
./target/ep40.mp4_50318	333	100	414	209
./target/ep40.mp4_50333	318	94	409	204
./target/ep40.mp4_50436	226	49	305	152
./target/ep40.mp4_50609	185	81	269	187
./target/ep40.mp4_50758	186	60	267	169
./target/ep40.mp4_50799	163	65	247	166
./target/ep40.mp4_50818	169	60	250	161
./target/ep40.mp4_51269	251	66	351	205
./target/ep40.mp4_51293	305	121	406	280
./target/ep40.mp4_51347	221	112	337	276
./target/ep40.mp4_51440	346	57	452	237
./target/ep40.mp4_51679	459	68	562	197
./target/ep40.mp4_51839	426	62	494	156
./target/ep40.mp4_51839	127	89	190	175
./target/ep40.mp4_52154	194	135	264	223
./target/ep40.mp4_52154	365	74	421	147
./target/ep40.mp4_52187	383	65	446	137
./target/ep40.mp4_52187	181	159	249	246
./target/ep40.mp4_52242	270	60	418	277
./target/ep40.mp4_52337	180	137	261	238
./target/ep40.mp4_52337	372	103	444	197
./target/ep40.mp4_52554	184	139	266	238
./target/ep40.mp4_52554	401	99	474	183
./target/ep40.mp4_52751	355	142	491	345
./target/ep40.mp4_52751	161	78	322	258
./target/ep40.mp4_53130	381	49	443	127
./target/ep40.mp4_53130	340	230	401	314
./target/ep40.mp4_53204	253	97	368	236
./target/ep40.mp4_53478	269	79	386	228
./target/ep40.mp4_53654	223	83	392	279
./target/ep40.mp4_53709	220	89	382	284
./target/ep40.mp4_53834	220	91	392	277
./target/ep40.mp4_53845	219	89	389	278
./target/ep40.mp4_54023	258	69	382	233
./target/ep40.mp4_54044	200	127	354	323
./target/ep40.mp4_54061	237	29	411	255
./target/ep40.mp4_54069	237	28	411	253
./target/ep40.mp4_54105	241	29	412	255
./target/ep40.mp4_54122	237	30	410	260
./target/ep40.mp4_54238	239	28	411	257
./target/ep40.mp4_54443	236	28	408	258
./target/ep40.mp4_54462	217	42	390	272
./target/ep40.mp4_54902	258	66	320	143
./target/ep40.mp4_54942	226	84	298	183
./target/ep40.mp4_54956	191	93	264	184
./target/ep40.mp4_54961	212	75	284	167
./target/ep40.mp4_55045	241	6	325	110
./target/ep40.mp4_55281	457	222	532	317
./target/ep40.mp4_55281	174	96	226	166
./target/ep40.mp4_55281	131	201	188	271
./target/ep40.mp4_55402	389	70	482	195
./target/ep40.mp4_55434	412	13	512	147
./target/ep40.mp4_55462	386	41	501	197
./target/ep40.mp4_55521	475	68	537	155
./target/ep40.mp4_55521	167	173	244	263
./target/ep40.mp4_55571	301	53	378	192
./target/ep40.mp4_55785	214	51	351	236
./target/ep40.mp4_55848	351	47	436	178
./target/ep40.mp4_55848	170	129	246	232
./target/ep40.mp4_55901	240	67	359	229
./target/ep40.mp4_55971	195	-55	552	409
./target/ep40.mp4_56563	240	40	395	222
./target/ep40.mp4_56777	244	36	396	223
./target/ep40.mp4_57169	228	47	423	319
./target/ep40.mp4_57461	496	101	553	173
./target/ep40.mp4_57461	152	153	212	219
./target/ep40.mp4_57461	307	57	382	145
./target/ep40.mp4_57500	218	79	284	154
./target/ep40.mp4_57500	118	179	168	236
./target/ep40.mp4_57500	518	110	570	176
./target/ep40.mp4_57710	195	113	413	375
./target/ep40.mp4_57739	195	113	413	375
./target/ep40.mp4_57747	198	111	409	379
./target/ep40.mp4_57791	204	122	403	363
./target/ep40.mp4_57880	204	119	413	371
./target/ep40.mp4_58217	338	78	404	159
./target/ep40.mp4_58427	323	76	412	186
./target/ep40.mp4_58652	224	68	331	201
./target/ep40.mp4_58842	201	67	310	200
./target/ep40.mp4_58974	297	93	402	230
./target/ep40.mp4_59084	193	57	318	217
./target/ep40.mp4_59225	205	91	363	283
./target/ep40.mp4_59456	285	26	533	350
./target/ep40.mp4_59673	263	72	514	385
./target/ep40.mp4_59693	112	171	194	282
./target/ep40.mp4_59693	121	159	214	297
./target/ep40.mp4_59743	135	189	197	264
./target/ep40.mp4_59929	296	90	329	131
./target/ep40.mp4_59981	338	106	372	148
./target/ep40.mp4_59981	179	71	209	102
./target/ep40.mp4_60080	233	133	395	354
./target/ep40.mp4_60091	206	91	380	335
./target/ep40.mp4_60188	238	58	416	302
./target/ep40.mp4_60202	245	56	436	326
./target/ep40.mp4_60241	53	51	163	202
./target/ep40.mp4_60252	304	83	337	124
./target/ep40.mp4_60426	192	125	372	366
./target/ep40.mp4_60504	391	131	504	258
./target/ep40.mp4_60504	111	131	256	286
./target/ep40.mp4_60578	204	97	372	334
./target/ep40.mp4_60756	231	55	406	279
./target/ep40.mp4_60761	229	49	405	295
./target/ep40.mp4_60893	227	57	402	292
./target/ep40.mp4_60995	143	45	217	149
./target/ep40.mp4_60995	545	116	629	236
./target/ep40.mp4_61023	252	50	366	205
./target/ep40.mp4_61051	258	41	373	194
./target/ep40.mp4_61083	225	60	359	229
./target/ep40.mp4_61113	221	94	357	272
./target/ep40.mp4_61149	218	88	366	282
./target/ep40.mp4_61253	367	93	434	176
./target/ep40.mp4_61253	243	71	312	166
./target/ep40.mp4_61399	397	102	508	231
./target/ep40.mp4_61399	150	102	275	252
./target/ep40.mp4_61502	247	83	314	190
./target/ep40.mp4_61738	160	75	298	251
./target/ep40.mp4_62088	186	98	356	293
./target/ep40.mp4_62113	208	48	375	247
./target/ep40.mp4_62457	235	55	360	214
./target/ep40.mp4_62572	487	127	524	182
